title:命运2 DIM愿望单
description:Bob自用
//notes:快嘴1
dimwishlist:item=1419158093&perks=1332244541,1840239774,1359896290,1309453587
//notes:快嘴2
dimwishlist:item=1419158093&perks=1092016998,1015611457

//notes:完美逆行
dimwishlist:item=3285784871&perks=1844523823,3230963543,3418782618,3078487919,3454102905
dimwishlist:item=3285784871&perks=1844523823,1087426260,3418782618,3078487919,3454102905
dimwishlist:item=3285784871&perks=1478423395,3230963543,3418782618,3078487919,3454102905
dimwishlist:item=3285784871&perks=1478423395,1087426260,3418782618,3078487919,3454102905

//notes:锤头
dimwishlist:item=1346714574&perks=839105230,1885400500,3425386926,557221067,2489430594
dimwishlist:item=1346714574&perks=839105230,1968497646,3425386926,557221067,2489430594
dimwishlist:item=1346714574&perks=839105230,1087426260,3425386926,557221067,2489430594

dimwishlist:item=1346714574&perks=4090651448,1885400500,3425386926,557221067,2489430594
dimwishlist:item=1346714574&perks=4090651448,1968497646,3425386926,557221067,2489430594
dimwishlist:item=1346714574&perks=4090651448,1087426260,3425386926,557221067,2489430594

dimwishlist:item=1346714574&perks=3661387068,1885400500,3425386926,557221067,2489430594
dimwishlist:item=1346714574&perks=3661387068,1968497646,3425386926,557221067,2489430594
dimwishlist:item=1346714574&perks=3661387068,1087426260,3425386926,557221067,2489430594


























